74 33 66 
8 87 40 
68 46 
53 40 5 45 50 
19 54 12 55 35 70 77 5 22 100 
44 21 66 43 20 
58 98 44 12 2 20 12 60 55 12 
2 43 
10 46 1 57 
46 
58 7 52 83 90 43 63 69 64 
17 2 46 42 14 84 7 65 
83 63 73 63 15 59 71 63 
35 82 24 
14 23 60 35 94 95 82 82 10 
48 59 33 39 99 
90 88 
51 50 58 1 56 86 94 19 31 26 
50 36 42 41 95 
40 76 88 68 
7 94 5 5 49 68 56 
44 69 41 45 33 72 47 60 49 35 
96 21 
46 52 47 26 26 45 89 34 79 65 
36 28 93 63 20 17 73 96 
5 56 88 79 60 
55 1 1 91 12 36 67 58 
42 12 57 63 
55 13 35 
33 11 47 
